7 11
9 11 
10 11
12 11 
14 11
16 11
17 11
19 11
    
6 12
12 12
14 12
20 12

7 13
8 13
12 13
14 13
18 13
19 13

8 14
12 14
14 14
18 14

10 15
11 15
15 15
16 15

12 17
13 17
14 17

11 18
15 18

12 19
14 19
13 20

7 31
9 31
10 31
12 31
14 31
16 31
17 31
19 31
    
6 32
12 32
14 32
20 32

7 33
8 33
12 33
14 33
18 33
19 33

8 34
12 34
14 34
18 34

10 35
11 35
15 35
16 35

12 37
13 37
14 37

11 38
15 38

12 39
14 39
13 40

7 51
9 51
10 51
12 51
14 51
16 51
17 51
19 51
    
6 52
12 52
14 52
20 52

7 53
8 53
12 53
14 53
18 53
19 53

8 54
12 54
14 54
18 54

10 55
11 55
15 55
16 55

12 57
13 57
14 57

11 58
15 58

12 59
14 59
13 60
